4
 4 -1  0 -1
-1  4 -1  0
 0 -1  4 -1
-1  0 -1  4
 3  6  1  12

4
1 0.5 -0.1 0.1
0.2 1 -0.2 -0.1
-0.1 -0.7 1 0.2
0.1 0.3 0.2 1
0.2 -2.6 1.0 -2.5

3
2 1 3
0 -1 1
1 0 3
9 1 3

3
1 0 3
0 -1 1
2 1 3
3 1 9

3
3 0 1
1 -1 0
3 1 2
3 1 9

3
4 2 1 11
-1 2 0 3
2 1 1 16

3
-1 4 -3 4
-5 -3 8 -3
-6 2 3 3

3
3 2 -1
2 -4 2
-1 1 5
8 -4 3

3
4 -2 1
1 -5 -2
2 1 6
2 -4 3

3
1 1 10
10 1 1
1 10 1
12 12 12

3
10 2 1
1 5 1 
2 3 10
7 -8 6

3
5 1 1 
3 4 1 
3 3 6 
6 13 0

3
5 2 2
1 3 1
0 6 8
3 -2 -6

3
5 1 1
3 4 1
3 3 6
5 6 0

3
1 3 1
5 2 2
0 6 8
-2 3 -6

3
20 2 6
1 -20 9
2 -7 -20
38 23 -57

3
10 2 6
1 -100 9
2 -7 -10
38 7 -17

4
2 -1 3 5
4 -1 10 8
6 -3 12 11
0 -2 -5 10
-7 4 4 -51

3
3 -4 1
1 2 2
4 0 -3
9 3 -2

3
1 4 52
27 110 -3
22 2 14
57 134 38

3
1 0.25 -0.05
0.1 1 -0.1
0 -0.2 1
1.2 2.9 1.6

3
30 3 0
2 20 2
6 3 30
-24 40 30

3
1 1 1
1 2 4
1 5 25
3 12 87
 
3
25   5 1
64   8 1
144 12 1
2 1 3

17
-3  0  0  1  3  0  0  0  0  0  0  0  0  0  0  0  0
-3  0 -1  0 -3  0  0  0  0  0  0  0  0  0  0  0  0
 0 -1  0  0  0  1  0  0  0  0  0  0  0  0  0  0  0
 0  0  1  0  0  0  0  0  0  0  0  0  0  0  0  0  0
 0  0  0 -1  0  0  0  1  0  0  0  0  0  0  0  0  0
 0  0  0  0  0  0 -1  0  0  0  0  0  0  0  0  0  0
 0  0  0  0 -3 -1  0  0  3  1  0  0  0  0  0  0  0
 0  0  0  0  3  0  1  0  3  0  0  0  0  0  0  0  0
 0  0  0  0  0  0  0 -1 -3  0  0  1  3  0  0  0  0
 0  0  0  0  0  0  0  0 -3  0 -1  0 -3  0  0  0  0
 0  0  0  0  0  0  0  0  0 -1  0  0  0  1  0  0  0
 0  0  0  0  0  0  0  0  0  0  1  0  0  0  0  0  0
 0  0  0  0  0  0  0  0  0  0  0 -1  0  0  0  0  0
 0  0  0  0  0  0  0  0  0  0  0  0  0  0 -1 -3  0
 0  0  0  0  0  0  0  0  0  0  0  0 -3 -1  0  0  1
 0  0  0  0  0  0  0  0  0  0  0  0  3  0  1  0  0
 0  0  0  0  0  0  0  0  0  0  0  0  0  0  0 -3 -1
 0  0  0 10  0  0  0 15  0  0  0  0  0  0  0 10 0

17
-3  0  0  1  3  0  0  0  0  0  0  0  0  0  0  0  0
 0 -1  0  0  0  1  0  0  0  0  0  0  0  0  0  0  0
 0  0  1  0  0  0  0  0  0  0  0  0  0  0  0  0  0
 0  0  0 -1  0  0  0  1  0  0  0  0  0  0  0  0  0
-3  0 -1  0 -3  0  0  0  0  0  0  0  0  0  0  0  0
 0  0  0  0 -3 -1  0  0  3  1  0  0  0  0  0  0  0
 0  0  0  0  0  0 -1  0  0  0  0  0  0  0  0  0  0
 0  0  0  0  0  0  0 -1 -3  0  0  1  3  0  0  0  0
 0  0  0  0  3  0  1  0  3  0  0  0  0  0  0  0  0
 0  0  0  0  0  0  0  0  0 -1  0  0  0  1  0  0  0
 0  0  0  0  0  0  0  0  0  0  1  0  0  0  0  0  0
 0  0  0  0  0  0  0  0  0  0  0 -1  0  0  0  0  0
 0  0  0  0  0  0  0  0 -3  0 -1  0 -3  0  0  0  0
 0  0  0  0  0  0  0  0  0  0  0  0 -3 -1  0  0  1
 0  0  0  0  0  0  0  0  0  0  0  0  3  0  1  0  0
 0  0  0  0  0  0  0  0  0  0  0  0  0  0 -1 -3  0
 0  0  0  0  0  0  0  0  0  0  0  0  0  0  0 -3 -1
 0  0 10  0  0  0  0  0 15  0  0  0  0  0  10 0  0

17
-0.70711  0  0  1  0.70711  0  0  0  0        0  0  0  0        0  0  0        0
-0.70711  0 -1  0 -0.70711  0  0  0  0        0  0  0  0        0  0  0        0
 0       -1  0  0  0        1  0  0  0        0  0  0  0        0  0  0        0
 0        0  1  0  0        0  0  0  0        0  0  0  0        0  0  0        0
 0        0  0 -1  0        0  0  1  0        0  0  0  0        0  0  0        0
 0        0  0  0  0        0 -1  0  0        0  0  0  0        0  0  0        0
 0        0  0  0 -0.70711 -1  0  0  0.70711  1  0  0  0        0  0  0        0
 0        0  0  0  0.70711  0  1  0  0.70711  0  0  0  0        0  0  0        0
 0        0  0  0  0        0  0 -1 -0.70711  0  0  1  0.70711  0  0  0        0
 0        0  0  0  0        0  0  0 -0.70711  0 -1  0 -0.70711  0  0  0        0
 0        0  0  0  0        0  0  0  0       -1  0  0  0        1  0  0        0
 0        0  0  0  0        0  0  0  0        0  1  0  0        0  0  0        0
 0        0  0  0  0        0  0  0  0        0  0 -1  0        0  0  0        0
 0        0  0  0  0        0  0  0  0        0  0  0  0        0 -1 -0.70711  0
 0        0  0  0  0        0  0  0  0        0  0  0 -0.70711 -1  0  0        1
 0        0  0  0  0        0  0  0  0        0  0  0  0.70711  0  1  0        0
 0        0  0  0  0        0  0  0  0        0  0  0  0        0  0 -0.70711 -1
 0        0  0 10  0        0  0 15  0        0  0  0  0        0  0 10        0

17
-0.70711  0  0  1  0.70711  0  0  0  0        0  0  0  0        0  0  0        0
 0       -1  0  0  0        1  0  0  0        0  0  0  0        0  0  0        0
 0        0  1  0  0        0  0  0  0        0  0  0  0        0  0  0        0
 0        0  0 -1  0        0  0  1  0        0  0  0  0        0  0  0        0
-0.70711  0 -1  0 -0.70711  0  0  0  0        0  0  0  0        0  0  0        0
 0        0  0  0 -0.70711 -1  0  0  0.70711  1  0  0  0        0  0  0        0
 0        0  0  0  0        0 -1  0  0        0  0  0  0        0  0  0        0
 0        0  0  0  0        0  0 -1 -0.70711  0  0  1  0.70711  0  0  0        0
 0        0  0  0  0.70711  0  1  0  0.70711  0  0  0  0        0  0  0        0
 0        0  0  0  0        0  0  0  0       -1  0  0  0        1  0  0        0
 0        0  0  0  0        0  0  0  0        0  1  0  0        0  0  0        0
 0        0  0  0  0        0  0  0  0        0  0 -1  0        0  0  0        0
 0        0  0  0  0        0  0  0 -0.70711  0 -1  0 -0.70711  0  0  0        0
 0        0  0  0  0        0  0  0  0        0  0  0 -0.70711 -1  0  0        1
 0        0  0  0  0        0  0  0  0        0  0  0  0.70711  0  1  0        0
 0        0  0  0  0        0  0  0  0        0  0  0  0        0 -1 -0.70711  0
 0        0  0  0  0        0  0  0  0        0  0  0  0        0  0 -0.70711 -1
 0        0 10  0  0        0  0  0 15        0  0  0  0        0 10  0        0

10
2  1  7  4 -3 -1  4  4  7  0
4  2  2  3 -2  0  3  3  4  1
3  4  4  2  1 -2  2  1  9 -3
9  3  5  1  0  5  6 -5 -3  4
1  6  3  4  8  3 -5  0 -6  0
1  9  8  0  3  9  9  0  0  5
4  1  9  0  4  3  7 -4  1  3
6  3  1  1  6  8  3  3  0  2
6  5  0 -7  7 -7  6  2 -6  1
2  0  7  0 -5  7  1  0  1  6
86 45 52.5 108 31 90.5 139 61 -43.5 66.5

10
 4 -1  0 -1  0  0  0  0  0  0
-1  4 -1  0 -1  0  0  0  0  0
 0 -1  4  0  0 -1  0  0  0  0
-1  0  0  4 -1  0  0  0  0  0
 0 -1  0 -1  4 -1 -1  0  0  0
 0  0 -1  0 -1  4  0 -1  0  0
 0  0  0  0 -1  0  4 -1  0  0
 0  0  0  0  0 -1 -1  4 -1  0
 0  0  0  0  0  0  0 -1  4 -1
 0  0  0  0  0  0  0  0 -1  4
 -110 -30 -40 -110 0 -15 -90 -25 -55 -65

